 1  2  3  4  5  6  7  8  9 10 11 12 13 14 15
15 13  1  4 10  5  7  3  6 14  8 11  2  9 12
12  8 13 15  6  1  3 14  2 10  9  4  7  5 11
11  1  9  5  3  2  4 12  6 10  8  7 15 14 13
13 12 10 14  1 15 11  3  7  9  2  5  8  4  6
 6  8  5  2 14 10 12  3  9  7 11 15  1 13  4
 4  9 13  5 10  7 14  6 15  2 12  1 11  8  3
 3 15 12  5  9  6 11 10  1 14  4 13  7  2  8
 8  6  2  7  1 12  9 11  4  3 13 10 15  5 14
14  3  5 15  4  8  2 11 13  9  1 10  6 12  7
 7  4 11 14  9 15  3 10 13  6  5  1  8 12  2
 2 13  8 10  3 11  9 14 12 15  7  6  4  1  5
 5 12  4 14 11  7 10  2  1  6 13  3  8 15  9
 9  8  1  7 13 11  6  3 12 14  5  4  2 15 10
10  4 15  8 14  7 12 11  5 13  2  6  9  3  1