 1  2  3  4  5  6  7  8  9 10 11 12 13 14 15 16
16  6 13 12 15 14  4  1  7  3  2  5  8 10  9 11
11  4 15  1  6 12 16  7  2  8  3 10  5  9 14 13
13  4  9  5 16  1 14  6  8  7 10 12 11  2 15  3
 3  5  7  4 13 15  2 12 10  6 16  8 11 14  1  9
 9 12 14  2 10  7 13  8  4  3 11  1 16 15  6  5
 5 10 13  9  7 12  2 11  8  6 14 16  3  1 15  4
 4  6 11 16  2  7  5 14  3 13 10 15 12  9  1  8
 8 16  9 15 10 14  7 11  3  6  1 13  5 12  4  2
 2  4  8 12  1  3 14  5 13 16 11 15  7  9  6 10
10  8 13  1  5 11  6  9  2 14 12  3 16  4  7 15
15 11  9 16 10  1  4 12  5  2 13  7  6  3  8 14
14  8 15  9  3 12  7  1 11  5  4 10  2 16 13  6
 6  2  1 10 16 12  8  5 15 13  3  9  4 14 11  7
 7 14  9 13 11 10  3 15  8  2  6  4 16  5  1 12
12  6 15  5  3  7 16 14 10  4 11 13  2  9  8  1